2074201421753
312370494462
780111187291
1163439426584
2677246222224
86389379151
298872530125
2053140965009
1914975248946
2062450717664
2602646419292
1188313432502
1460596308618
1816551900732
130371414466
2082974605067
1636620384026
1096672550297
817672318147
812257162396
979549876813
1857648187791
2694939373963
1837053575762
511750975369
532605060654
736291830187
1352363583326
1177945671895
1623847905760
2611556449248
2345267855078
2613256198870
1944258247565
1010040551645
1848151167660
2094990581481
1982809992380
1481510150362
296926832621
2238547172316
2400666563531
1780649962800
611453607583
1978092659483
87801486323
916159774066
1152891673539
2047149314